356	4.4	3.12	 0.02	0.54	0.72
456	6.77	3.17	 0.23	1.26	2.11
556	13.24	11.55	 0.06	0.81	0.82
656	15.37	11.72	 0.24	1.7	1.71
756	15.64	11.65	 0.27	1.85	1.87
856	16.21	11.65	 0.25	2.14	2.17
956	16.61	11.58	 0.26	2.37	2.4
1056	57.2	51.1	 0.53	2.77	2.8
1156	56.55	50.95	 0.45	2.56	2.59
1256	51.8	46.47	 0.44	2.43	2.46
1356	51.94	46.29	 0.45	2.58	2.62
1456	52.34	46.4	 0.43	2.74	2.77
1556	52.51	46.38	 0.44	2.83	2.86
1656	53.58	46.68	 0.46	3.2	3.24
1756	58.06	51.11	 0.47	3.22	3.26
1856	53.61	46.61	 0.46	3.24	3.3
1956	53.94	46.48	 0.46	3.47	3.53
