128 128 0 42 48 54 60 74 71 65 65 71 85 97 91 108 117 117 117 120 114 120 126 128 111 114 120 120 117 114 97 103 106 114 103 120 117 128 128 137 137 160 143 157 148 146 140 148 140 137 128 131 131 154 146 143 134 134 137 140 134 137 120 117 111 114 108 117 128 128 140 151 140 131 126 154 140 143 134 140 157 143 143 128 126 134 120 126 114 117 111 111 114 114 117 111 106 106 100 111 111 114 117 123 120 120 114 108 114 128 126 146 151 128 126 131 134 128 117 123 111 111 91 94 83 80 71 85 85 74 
42 45 54 60 63 68 74 71 71 77 85 94 100 108 117 123 123 126 120 123 123 120 117 120 123 120 114 108 103 100 97 103 108 114 123 126 131 137 140 146 146 151 151 148 146 151 146 140 134 137 137 140 143 146 140 137 140 140 137 131 126 120 114 117 117 123 128 131 137 143 140 134 131 128 131 137 140 146 148 146 140 134 131 128 126 123 117 111 117 117 117 117 120 114 111 114 106 108 114 114 114 120 126 126 123 117 120 123 128 134 134 134 131 137 137 128 123 114 106 100 94 91 85 83 77 80 80 74 
57 51 57 63 68 68 71 68 77 83 94 100 108 114 120 126 126 131 126 128 126 120 123 123 128 120 114 111 106 100 94 103 108 114 123 128 131 137 143 140 143 148 151 154 148 154 151 146 140 143 143 146 148 148 146 143 146 143 134 131 126 120 117 120 120 126 131 134 140 140 140 134 128 123 126 131 134 140 146 148 143 137 131 131 128 123 117 114 117 120 123 123 126 120 120 120 114 114 117 117 120 126 131 134 128 126 126 128 134 131 131 131 137 143 140 134 126 120 111 103 97 91 88 83 80 83 85 80 
54 57 63 68 74 71 74 68 74 83 94 103 111 120 126 128 131 137 131 134 131 126 128 128 126 123 117 108 103 100 94 103 108 114 123 128 134 137 137 140 146 148 151 157 151 151 146 148 143 146 146 146 151 154 148 146 146 137 134 128 120 117 117 117 123 128 134 137 137 137 137 134 128 123 123 126 131 137 140 146 148 143 137 137 131 126 120 117 117 123 128 126 131 126 126 128 120 117 120 120 126 131 137 140 137 134 131 134 134 134 134 140 143 148 143 137 128 120 111 106 97 91 88 83 85 85 88 85 
54 60 65 68 71 71 74 71 71 80 88 100 108 114 123 128 134 140 137 131 128 126 123 123 120 123 117 111 106 100 94 97 103 111 117 123 128 134 134 137 143 148 154 151 148 146 143 148 148 151 151 146 151 157 154 146 140 134 128 126 120 117 117 123 128 128 128 134 137 143 137 131 128 123 123 128 134 137 140 146 151 148 143 143 134 128 126 123 120 126 128 128 131 131 131 134 126 123 123 128 131 137 140 146 140 140 137 140 137 137 140 146 148 151 143 137 128 120 114 106 100 94 91 88 91 88 94 88 
57 63 68 74 74 74 77 77 77 88 97 106 114 120 128 134 137 143 137 131 126 123 123 120 117 117 117 111 108 103 97 94 103 108 114 120 126 131 134 131 137 143 148 148 143 143 143 143 148 151 151 148 148 154 154 146 140 134 128 123 117 117 123 128 131 126 126 131 137 143 140 134 128 126 126 131 134 134 137 143 148 151 148 146 140 134 128 128 123 128 126 131 134 134 137 140 134 131 128 137 137 143 146 148 146 146 143 146 140 143 148 151 154 157 148 140 134 126 117 108 106 100 94 94 94 94 100 94 
68 68 71 77 80 80 80 80 80 85 94 100 108 117 123 128 131 137 131 128 123 120 120 117 117 117 114 111 108 103 97 97 103 108 117 120 126 131 128 128 134 140 143 148 148 148 143 140 143 148 148 148 154 157 151 146 140 134 128 126 123 123 126 131 131 126 123 128 134 140 137 134 128 126 126 126 131 131 134 137 143 146 143 143 140 134 131 128 126 128 126 131 137 140 143 146 143 137 137 143 146 148 151 154 148 148 148 148 148 148 151 157 160 163 154 143 137 128 120 111 106 100 97 97 97 94 97 97 
83 74 77 83 85 85 85 85 85 91 100 108 111 117 123 128 128 131 128 126 123 126 126 123 123 123 120 117 111 106 100 103 106 111 117 123 128 131 131 128 131 137 143 146 151 151 146 140 140 146 151 151 154 151 146 143 137 131 131 131 128 126 126 126 126 120 120 126 131 134 140 137 134 128 126 126 126 126 128 134 137 140 137 140 134 134 131 128 126 126 131 134 140 140 146 148 148 143 146 151 151 151 154 151 151 154 151 157 154 154 157 160 166 166 157 146 137 128 123 114 108 106 100 97 94 94 97 100 
71 77 83 88 91 91 88 83 83 91 97 106 111 120 126 128 131 134 131 131 128 128 131 126 126 128 126 123 117 111 106 106 111 117 123 126 131 137 134 137 134 140 140 146 151 157 151 146 143 143 146 151 148 148 151 148 143 134 137 137 134 131 131 126 123 120 120 123 128 134 140 143 137 134 128 128 128 126 126 128 131 134 131 134 131 134 131 128 126 128 131 137 143 146 151 154 151 151 151 157 157 157 154 157 154 160 154 163 160 160 163 166 171 171 160 151 140 131 123 114 111 106 100 103 97 100 100 106 
91 80 85 88 91 91 88 83 91 97 103 111 120 123 128 134 137 140 137 137 134 134 137 131 131 134 131 128 120 117 111 111 117 120 126 131 137 140 140 143 143 148 143 146 151 154 154 148 143 143 140 146 146 146 151 154 148 140 143 143 140 137 137 131 126 126 123 123 126 128 134 140 143 137 131 134 134 128 126 123 126 128 128 128 131 134 134 131 128 131 131 137 143 146 151 157 157 154 160 163 160 160 160 163 157 163 160 166 169 166 169 171 177 169 163 151 143 131 126 117 111 106 100 100 103 103 103 108 
77 83 88 88 88 85 85 88 97 103 111 117 123 128 134 137 143 143 143 143 143 143 140 137 137 140 137 134 128 120 117 117 120 126 131 137 143 140 146 151 148 154 151 148 154 160 154 148 143 146 143 146 146 154 157 157 154 148 148 148 146 140 137 131 131 131 131 131 134 131 137 140 146 143 137 131 128 128 123 120 120 123 123 123 126 128 131 128 123 128 131 137 143 148 151 157 157 160 166 169 166 166 160 166 163 169 166 171 171 171 171 169 171 166 157 148 140 131 126 117 108 106 100 94 103 108 108 111 
88 88 94 88 88 91 88 97 103 108 114 123 128 131 137 143 146 148 148 148 146 148 148 143 143 146 143 140 134 128 123 120 126 131 137 140 140 146 151 157 157 160 154 154 160 157 151 146 146 146 148 146 151 160 163 163 160 154 154 154 148 146 140 134 131 137 134 137 140 137 143 146 148 148 143 137 131 126 126 123 120 120 126 120 120 123 126 126 126 128 131 137 146 148 154 160 160 166 169 174 171 166 163 169 169 174 171 177 177 177 171 166 166 160 151 146 140 131 123 114 108 103 97 97 100 103 106 108 
88 94 97 94 91 97 94 100 106 114 120 126 131 137 140 146 151 154 154 151 151 154 154 148 143 148 148 146 140 134 128 123 128 134 140 143 146 151 157 163 166 166 160 157 154 154 151 148 148 148 151 151 157 166 169 169 169 160 160 154 151 148 143 137 137 140 140 143 146 143 146 146 148 151 146 140 134 128 126 126 120 114 120 117 117 117 120 123 126 131 137 143 148 154 157 163 166 169 174 177 174 169 166 169 171 169 169 171 174 171 169 166 160 154 148 143 134 128 120 114 106 103 97 97 97 100 100 103 
97 100 103 97 94 100 100 106 111 120 126 131 134 140 146 148 151 157 154 157 157 160 160 154 148 151 151 154 148 140 134 128 134 140 146 151 151 157 163 169 171 171 166 163 157 151 148 148 148 148 154 157 163 169 171 174 171 166 163 157 154 148 143 137 137 143 146 148 148 148 146 148 148 151 148 143 137 134 126 120 117 111 114 111 114 117 117 120 123 128 137 143 148 154 160 166 166 171 177 180 177 171 166 171 171 166 166 171 177 171 166 160 157 151 146 140 131 126 120 114 108 103 97 94 91 94 97 100 
106 106 103 103 100 97 100 106 111 120 128 134 140 146 146 143 146 151 154 160 163 166 163 157 154 157 157 157 151 148 143 137 143 146 151 157 157 163 169 174 174 174 171 166 160 154 148 146 143 151 157 163 169 174 177 177 177 171 166 160 154 148 143 137 140 146 151 154 154 154 151 151 148 148 151 146 140 134 128 120 117 111 106 108 111 117 120 123 117 126 131 137 143 148 154 160 160 166 171 177 177 171 166 169 166 166 171 177 177 171 166 160 154 148 143 137 131 123 117 111 106 100 94 91 85 91 94 100 
117 103 103 108 106 103 106 111 120 126 134 140 143 146 146 146 146 151 157 163 166 171 169 163 160 160 163 163 157 154 146 143 148 151 157 163 163 169 174 180 177 174 169 163 163 157 154 148 146 151 154 160 166 171 177 183 183 177 169 163 157 151 146 143 146 151 157 160 160 160 157 157 154 154 154 148 143 134 126 120 114 111 108 108 114 120 126 120 120 123 126 131 140 146 148 154 157 163 166 171 174 171 169 169 166 169 169 174 180 171 166 157 154 148 143 137 134 128 120 111 103 100 94 88 85 91 88 94 
97 103 108 111 108 103 111 117 123 131 137 143 148 146 151 146 148 154 160 166 169 174 174 169 166 163 169 166 163 157 151 146 151 157 163 166 169 174 180 183 177 174 169 163 163 160 154 151 146 148 154 160 163 169 174 180 183 177 171 166 160 154 151 146 151 154 160 166 166 166 163 163 160 157 154 151 143 134 128 120 114 108 111 117 120 123 126 123 123 126 131 137 143 146 151 154 157 157 163 166 169 166 166 163 166 171 171 174 180 174 166 160 154 148 143 140 137 134 126 117 108 103 97 91 91 91 91 94 
103 108 111 117 114 108 111 117 123 128 134 140 146 148 154 148 154 160 166 169 174 180 177 171 169 166 166 163 166 163 157 151 157 163 169 171 169 171 174 180 174 169 166 166 166 160 157 157 151 151 154 157 160 166 171 174 180 180 177 169 163 157 154 148 151 157 160 166 171 171 169 169 166 163 157 151 146 140 134 126 120 114 117 123 126 126 126 123 126 131 137 143 146 151 154 160 163 160 157 163 163 160 160 160 166 169 174 180 174 171 166 160 154 151 146 146 140 140 131 120 114 106 100 94 94 94 94 97 
103 108 111 114 108 106 108 114 117 123 128 134 140 146 151 154 157 163 166 171 174 177 171 171 171 171 166 160 163 163 160 157 163 169 169 166 171 171 177 177 177 171 166 169 163 160 160 160 154 157 157 157 160 166 171 177 183 186 180 174 166 163 157 151 151 154 160 163 169 171 171 171 169 169 163 154 148 143 137 131 126 123 123 126 128 131 131 128 131 134 140 146 151 154 160 166 166 160 157 157 157 154 154 160 160 166 171 174 174 169 166 160 154 151 148 148 146 143 134 126 120 111 106 100 100 97 97 103 
114 111 114 108 103 100 106 111 114 120 126 131 137 140 146 151 154 160 160 166 171 169 166 163 166 166 163 160 154 157 157 154 160 163 169 169 174 177 183 183 180 174 169 169 163 160 166 166 160 154 157 151 157 163 169 174 180 186 180 177 171 166 160 154 151 157 163 169 171 177 174 169 166 166 160 154 148 146 143 140 131 128 131 131 134 137 131 134 134 140 146 151 157 157 160 163 166 163 160 154 151 148 151 157 163 166 171 177 174 171 166 163 160 154 154 151 148 146 140 131 123 114 108 103 97 94 100 103 
103 108 111 106 103 100 100 106 111 117 120 128 134 140 148 151 157 163 163 160 166 166 160 160 160 157 160 154 151 151 151 148 154 160 163 169 171 174 180 180 177 174 169 163 157 157 160 163 157 151 154 154 160 166 166 169 174 177 177 171 166 169 163 160 154 157 163 166 171 177 177 174 169 163 160 154 148 151 148 146 140 134 140 137 137 134 131 134 134 140 146 151 157 160 163 163 157 160 154 151 148 146 148 157 160 166 171 177 171 169 169 163 163 160 160 157 151 151 143 137 128 120 111 106 100 94 94 100 
106 111 114 111 108 106 108 108 114 117 126 128 131 137 143 148 154 157 157 160 163 160 154 154 151 151 154 148 146 146 146 143 148 154 160 163 166 171 174 174 171 166 163 160 154 151 154 157 151 146 151 154 157 160 160 163 169 174 171 169 163 163 157 154 157 160 166 171 177 183 183 177 171 166 163 157 154 157 154 151 146 140 146 143 140 137 137 134 134 140 143 148 154 160 160 157 151 154 157 151 148 143 146 151 157 163 169 174 174 171 171 169 166 166 163 160 154 148 143 134 126 117 111 106 100 97 97 94 
103 106 111 117 114 114 114 114 117 126 131 134 137 140 148 148 151 157 154 157 160 154 151 148 146 148 148 146 140 140 140 137 143 148 154 160 163 169 171 171 166 160 160 154 148 146 151 151 146 143 146 151 151 157 154 157 163 169 166 166 160 160 154 154 160 166 171 177 183 183 177 174 174 169 166 160 160 160 157 154 148 146 148 148 143 143 137 131 128 137 143 146 151 157 154 154 148 148 151 146 143 146 146 148 154 160 166 169 171 166 169 166 163 166 163 157 151 143 137 131 123 117 114 108 106 100 100 97 
103 108 111 117 120 120 117 120 123 131 137 140 140 146 154 151 154 154 154 157 154 148 146 143 143 143 146 140 134 137 137 137 140 146 151 157 160 166 166 166 160 154 154 148 143 146 151 146 140 143 146 146 146 151 148 154 157 163 166 163 160 154 148 154 160 166 169 171 177 183 180 174 171 169 171 166 166 166 163 160 154 148 154 148 146 140 134 128 123 131 137 140 146 151 148 148 143 143 146 143 137 140 140 146 148 154 160 166 166 166 163 160 157 160 157 151 146 140 131 126 120 114 108 103 108 106 106 100 
106 111 117 120 126 123 123 126 131 137 140 143 146 151 157 157 154 160 160 160 157 151 146 140 137 137 140 137 131 131 137 140 143 148 154 160 163 166 163 160 154 151 148 143 140 140 146 143 140 146 143 143 143 146 143 148 151 157 163 160 154 151 148 151 154 160 160 169 174 177 174 169 169 163 169 169 169 171 169 166 160 154 154 148 143 140 134 128 126 126 131 137 140 146 146 143 137 137 143 137 131 137 137 140 146 148 154 160 160 160 157 154 151 154 157 148 143 137 128 123 117 111 108 106 106 108 108 106 
114 117 123 126 131 128 128 131 134 140 146 148 151 157 163 160 160 163 160 166 160 154 148 143 137 137 137 137 134 134 137 143 146 146 151 154 157 160 157 154 151 146 143 143 143 140 140 140 143 146 148 146 146 146 146 151 151 157 163 163 157 151 151 154 157 163 163 160 169 171 171 169 163 160 166 169 174 171 171 169 163 160 154 148 143 137 131 131 128 128 134 137 143 148 146 140 134 134 137 134 134 137 140 146 151 151 157 163 166 160 154 151 146 151 151 146 143 137 131 126 120 117 114 108 106 106 111 111 
111 114 120 126 128 134 134 137 137 143 148 151 157 163 160 154 157 163 163 163 163 157 151 146 140 143 137 137 134 137 140 146 143 146 146 151 151 154 151 148 146 140 140 146 143 143 137 140 146 151 151 151 146 146 151 154 154 157 163 166 163 157 154 160 160 166 163 163 163 169 171 166 160 157 160 166 169 166 169 166 160 157 148 143 140 134 128 128 131 128 131 137 143 146 146 143 137 134 134 137 137 143 146 148 154 157 163 166 166 163 157 151 146 146 146 143 143 140 134 128 123 120 117 114 111 114 117 117 
108 114 120 126 131 137 140 140 140 143 148 154 160 163 163 157 160 166 166 169 166 157 154 148 143 140 137 143 137 143 143 146 143 143 146 148 146 151 146 146 143 140 140 143 146 140 137 137 140 146 151 146 143 143 146 151 154 160 166 169 166 163 160 166 166 171 166 166 169 171 171 166 163 157 157 160 166 160 166 163 160 154 146 140 134 128 126 126 128 134 137 137 137 143 140 140 140 137 137 143 143 148 151 154 157 163 169 171 166 163 157 151 146 143 146 143 140 137 131 128 126 126 123 117 117 117 123 120 
111 114 114 120 126 131 137 143 143 148 148 151 157 160 157 157 163 169 171 169 163 157 151 148 143 143 140 140 140 146 146 148 146 143 143 146 143 146 140 140 140 137 137 140 140 146 143 143 143 143 148 148 146 148 148 151 151 157 160 163 166 169 166 171 171 174 171 171 171 171 171 163 160 157 154 154 160 154 160 160 154 148 140 134 131 126 120 128 134 140 140 143 143 143 134 134 134 131 137 143 146 151 154 154 160 166 171 171 166 163 157 151 146 143 148 143 140 134 134 131 128 128 126 120 120 123 126 126 
111 114 111 117 120 126 131 137 143 146 146 148 151 157 157 157 157 163 169 166 160 157 151 148 143 137 134 137 137 140 140 146 148 146 140 140 137 140 137 134 134 140 143 140 137 143 148 148 148 146 148 154 151 154 151 154 148 151 157 157 163 166 166 171 169 169 171 174 174 174 166 160 154 148 151 151 154 151 154 157 151 146 137 131 128 123 123 128 131 137 140 143 137 134 128 128 128 134 137 143 148 154 154 160 166 171 174 171 166 163 157 154 148 146 148 146 140 134 134 134 134 131 128 123 126 128 131 131 
106 108 111 117 123 128 131 137 140 143 140 143 148 151 151 151 151 157 160 160 157 151 148 143 137 134 131 131 131 134 134 140 146 148 146 140 137 137 131 131 134 137 140 137 131 137 143 148 143 148 151 157 151 154 151 148 143 148 151 157 163 160 163 166 160 163 166 169 171 166 160 154 148 143 146 148 148 148 148 151 146 140 137 131 126 126 128 131 137 140 140 137 131 128 123 123 126 131 140 143 148 154 154 160 166 169 171 166 163 157 151 154 151 148 143 140 134 131 128 128 128 128 123 126 128 134 137 134 
100 106 111 117 123 128 131 137 137 137 134 140 143 148 146 146 146 151 157 157 151 148 143 137 134 128 126 126 126 128 128 134 140 143 146 140 134 131 126 126 131 137 140 137 131 134 140 143 140 143 146 151 148 148 146 146 143 143 148 151 157 154 157 157 154 154 160 163 166 160 154 148 146 140 140 143 143 146 151 148 143 137 131 128 126 131 134 137 131 137 134 131 128 123 114 120 126 131 137 140 146 151 157 163 169 174 171 166 163 157 151 154 151 146 140 134 131 126 128 131 126 123 117 120 126 131 134 128 
97 106 111 117 123 128 131 137 137 131 128 134 137 143 140 140 143 146 151 151 148 148 146 143 137 131 126 131 126 123 123 128 134 140 146 140 134 128 126 126 131 137 143 140 134 137 137 143 137 137 143 146 146 146 143 143 143 143 143 148 154 151 151 151 146 146 151 154 160 154 148 146 140 134 134 140 137 140 146 143 137 131 128 131 131 134 140 134 131 137 131 128 123 120 117 117 123 128 134 140 148 154 163 166 171 177 174 169 163 157 151 148 146 140 134 128 126 123 123 128 126 120 120 126 128 134 131 126 
114 108 114 120 126 131 137 143 140 134 128 134 134 137 137 137 137 140 146 148 151 151 151 146 140 137 131 134 128 123 128 131 137 143 148 143 137 134 128 128 134 140 146 143 140 143 143 148 143 137 140 143 146 146 148 148 146 143 143 146 148 146 146 146 143 140 146 151 154 148 146 140 134 128 131 134 131 137 143 143 137 131 128 131 134 140 146 140 137 131 126 123 120 117 117 123 128 134 140 146 154 160 166 171 177 177 174 169 163 157 151 146 140 134 128 126 123 123 120 126 126 120 120 123 128 131 126 120 
111 111 117 123 128 131 137 140 134 131 131 137 140 131 131 131 137 143 148 154 157 154 154 151 146 143 137 131 126 123 128 131 137 143 146 140 134 131 128 128 134 137 143 146 146 146 148 154 148 143 146 146 140 140 143 143 148 146 140 143 143 140 140 143 137 134 140 146 148 143 143 137 128 128 134 131 126 134 137 140 137 134 134 137 140 146 148 143 137 131 128 126 120 120 120 126 131 134 140 146 151 157 163 166 171 174 171 166 160 154 148 143 137 134 128 126 123 123 120 120 123 117 117 120 126 126 120 120 
108 114 120 123 128 134 137 140 134 131 131 131 134 134 134 137 143 148 154 157 157 154 157 151 148 143 140 134 128 128 131 137 140 137 140 137 131 134 134 131 131 134 137 143 146 148 151 157 151 146 146 140 134 137 140 137 143 140 140 140 137 137 140 137 131 131 134 140 143 140 140 134 131 131 134 128 128 134 134 134 134 140 143 140 146 148 151 146 143 137 131 131 126 126 123 126 128 134 140 148 154 160 163 169 169 171 169 163 157 151 146 140 134 131 126 120 120 120 117 117 117 117 120 126 126 123 120 123 
111 117 123 126 126 131 137 137 131 131 134 131 137 137 143 143 146 148 154 160 157 151 151 146 143 140 134 134 134 134 137 137 137 137 140 134 131 137 140 137 131 131 134 140 146 151 154 154 151 146 140 134 131 134 137 134 137 134 137 137 134 137 134 131 131 131 134 140 137 137 137 131 131 134 131 131 134 140 134 140 140 146 148 146 148 154 154 148 143 140 134 134 131 128 128 128 126 131 137 143 151 154 160 166 169 169 169 163 157 151 146 137 131 128 123 117 117 117 114 111 114 117 117 120 123 126 126 128 
114 114 117 120 126 131 134 134 134 134 137 137 140 143 146 148 148 154 157 160 157 151 146 140 137 137 137 137 140 137 143 143 140 137 143 137 134 137 143 137 137 137 140 143 148 154 154 151 146 140 134 131 131 134 134 128 134 131 131 131 134 134 128 131 134 134 140 143 140 143 140 137 131 131 134 140 143 146 140 143 146 148 157 151 151 154 148 146 140 137 131 131 134 134 131 126 123 128 134 143 148 157 160 166 171 169 163 160 151 146 140 134 128 123 117 114 111 111 111 111 111 114 117 120 126 128 131 131 
111 108 114 120 126 131 134 131 137 137 137 143 146 146 151 154 154 157 154 154 151 146 143 137 131 137 137 140 140 143 146 148 143 140 140 134 128 134 137 134 131 137 143 148 154 157 151 146 140 134 128 131 131 134 128 128 131 131 134 128 128 128 128 128 134 140 143 143 143 146 146 140 134 137 140 146 146 148 146 148 151 154 160 157 154 148 146 140 134 131 126 131 134 137 131 126 123 128 134 143 151 157 163 169 174 169 163 157 151 146 140 137 131 126 123 117 114 114 114 111 111 114 120 126 128 134 134 137 
108 103 108 114 120 126 128 128 134 137 140 146 148 151 157 157 160 154 151 151 146 143 140 137 134 137 137 143 140 146 151 151 151 143 137 134 131 131 131 137 134 137 143 148 151 151 146 140 134 128 123 126 131 131 131 131 134 137 140 134 128 128 126 123 131 137 143 148 146 148 151 146 140 140 146 148 151 154 148 154 157 160 166 160 154 148 143 137 131 128 128 131 137 137 131 126 123 123 128 134 143 151 157 163 166 163 157 154 148 143 137 134 128 128 128 123 120 114 117 114 114 120 126 128 134 137 134 134 
91 97 106 108 114 120 120 123 126 131 137 143 146 151 157 163 163 157 154 151 151 148 143 143 140 143 143 148 146 151 157 157 154 148 143 137 137 137 134 134 137 143 148 151 151 146 140 134 128 126 126 128 131 137 134 137 140 143 143 137 131 128 126 128 134 140 143 148 148 146 148 143 143 146 151 154 157 157 151 157 160 160 160 154 151 146 140 134 128 128 128 131 134 134 131 126 120 120 123 128 137 143 151 157 160 160 154 148 143 140 137 134 131 134 131 126 120 114 120 120 117 120 120 123 128 134 131 131 
91 97 100 106 111 114 114 117 120 126 126 134 137 143 148 154 160 160 154 151 154 151 148 148 143 148 148 151 148 151 157 163 160 154 148 143 143 140 137 140 143 146 151 157 151 148 143 137 131 131 131 134 137 140 140 143 146 148 146 140 134 131 128 126 128 134 140 146 146 146 146 146 146 151 154 160 163 157 154 157 154 154 157 151 143 140 137 137 134 134 131 131 131 134 134 128 123 120 120 126 131 140 146 151 157 154 151 146 146 140 143 140 137 137 134 128 126 120 126 126 123 123 123 117 126 131 131 134 
85 91 97 103 106 111 108 111 111 117 117 123 128 134 140 148 154 157 151 151 148 154 151 151 148 154 151 157 151 157 163 166 166 160 154 148 148 143 140 140 143 148 151 151 148 143 137 134 134 134 137 137 140 146 146 148 151 154 148 143 137 137 134 126 126 128 134 140 143 143 146 146 151 157 160 166 166 160 157 151 148 148 151 146 140 134 134 134 140 134 137 137 134 134 134 131 126 120 126 131 134 140 146 148 154 148 146 140 143 146 146 146 143 140 134 128 126 120 126 128 128 128 123 120 123 128 131 134 
85 91 94 100 100 106 103 106 103 108 108 114 120 126 134 140 146 148 146 148 148 151 154 157 154 157 154 157 157 157 163 166 166 166 160 154 151 148 143 146 146 151 151 146 143 140 134 134 137 140 140 143 146 148 148 148 151 151 148 146 143 143 137 131 126 126 131 134 137 140 146 151 157 163 166 169 163 157 151 148 146 146 146 140 137 137 140 140 137 137 140 143 140 137 134 128 123 123 126 128 134 140 143 148 148 143 143 140 146 148 151 148 148 143 140 134 128 123 128 134 134 131 126 123 126 131 137 140 
80 85 91 94 97 100 97 97 94 100 103 108 111 117 126 131 137 143 143 143 146 151 154 154 157 160 157 163 163 157 157 163 160 160 154 151 151 154 148 151 148 148 146 146 140 140 134 134 140 146 146 148 143 143 143 146 148 154 148 148 148 148 143 137 128 131 134 137 140 146 148 154 160 166 169 166 160 154 151 148 148 146 143 137 137 140 146 146 143 140 146 148 143 143 137 131 128 128 128 131 134 137 140 146 146 143 143 143 146 146 151 154 154 146 140 137 131 126 126 128 131 131 128 126 131 137 140 140 
83 83 85 91 91 94 91 94 88 91 97 100 106 111 117 123 131 134 137 143 146 151 157 157 163 163 157 163 166 163 157 157 154 154 148 154 154 160 154 157 154 154 151 151 146 140 140 131 140 146 151 148 143 140 140 140 143 148 146 148 151 151 146 140 134 134 137 131 140 146 151 157 160 166 166 160 157 151 148 148 154 148 143 137 140 146 151 151 146 143 148 154 148 143 137 134 128 134 134 134 137 143 146 148 146 148 148 148 148 151 157 160 157 148 143 140 134 128 126 123 126 126 128 131 137 140 143 140 
77 83 88 91 91 94 88 88 83 88 91 97 100 106 111 117 123 128 131 137 143 148 154 160 166 166 160 166 163 157 154 151 151 148 148 151 157 163 157 160 157 157 154 154 148 143 137 134 137 143 146 148 143 140 137 137 140 143 143 146 148 148 146 140 137 137 134 134 134 140 146 151 157 163 166 160 154 151 148 151 151 148 143 140 146 151 157 154 151 146 148 148 143 143 137 131 134 137 140 140 143 148 151 148 148 154 154 154 148 151 151 154 154 151 146 140 134 128 126 123 123 117 126 131 137 143 140 134 
83 88 91 97 97 91 88 83 83 83 85 91 94 100 106 114 120 123 128 131 137 143 148 154 160 166 163 166 166 160 154 148 146 143 148 148 151 157 157 154 157 154 157 157 148 143 140 134 134 140 146 148 146 143 143 140 140 140 146 148 151 146 143 143 143 140 140 143 137 137 143 148 151 157 160 154 154 154 151 146 146 148 146 140 146 151 157 157 154 151 148 146 140 137 131 128 128 134 137 143 146 151 154 151 151 154 157 157 154 148 146 151 151 146 140 140 137 134 128 123 120 117 117 126 131 137 134 128 
85 94 94 100 100 94 88 85 88 88 91 94 91 94 103 108 114 120 123 128 134 140 146 151 157 160 163 160 163 163 157 151 146 143 143 140 146 151 157 154 157 154 154 151 151 146 140 134 140 146 151 148 151 148 148 146 146 143 146 151 154 148 146 148 146 146 146 148 140 140 143 146 146 151 154 151 148 148 146 143 146 148 148 146 148 154 160 160 160 154 148 143 137 134 134 128 128 134 140 143 146 148 148 151 157 157 160 157 154 148 146 146 148 143 140 143 143 137 131 126 120 120 120 120 128 131 128 123 
91 100 100 106 103 100 97 91 94 94 100 97 94 100 97 103 108 114 120 126 134 140 143 148 154 160 160 163 166 166 160 151 148 143 137 137 143 146 151 154 160 154 151 151 154 148 143 137 143 148 154 154 157 151 148 148 151 148 148 154 157 151 151 151 151 151 151 154 148 148 148 151 151 151 154 148 143 146 143 143 140 146 148 146 151 154 157 160 160 157 154 148 143 140 137 134 134 140 143 146 151 154 154 157 160 163 163 160 160 154 148 148 151 146 146 148 146 140 134 131 126 128 123 123 123 128 126 120 
111 106 106 111 108 106 103 100 103 100 106 103 100 106 103 103 108 114 120 128 134 143 146 151 157 157 157 163 166 169 163 157 148 143 137 134 137 143 146 151 157 157 157 154 151 154 148 143 146 148 154 160 157 151 151 154 154 151 151 151 157 154 157 157 157 157 157 160 154 154 154 157 154 148 148 143 137 140 143 143 143 143 143 140 146 148 154 154 154 154 154 154 148 146 143 143 140 148 148 148 154 157 154 160 166 166 163 160 160 154 151 154 148 148 151 154 151 146 140 134 131 134 128 123 126 123 120 114 
120 108 108 111 108 108 108 106 111 108 111 108 106 111 108 108 111 117 123 128 134 143 146 151 157 160 160 163 169 171 163 157 148 140 134 131 131 137 143 148 154 157 160 157 151 151 148 146 148 154 160 157 157 151 154 151 148 154 151 157 157 154 160 163 163 160 163 166 163 160 157 160 157 151 146 140 137 140 146 143 143 140 140 134 143 146 148 148 151 148 151 157 151 151 148 148 148 154 154 151 154 154 157 163 163 160 157 160 154 151 154 151 151 154 157 157 154 148 146 140 134 140 134 128 126 123 117 117 
114 114 114 111 108 114 117 114 117 117 117 114 111 114 114 108 111 114 120 126 134 140 146 151 154 157 157 160 166 166 157 151 146 140 134 131 137 143 146 151 157 160 166 163 157 154 148 148 154 157 163 157 151 148 151 151 151 154 157 163 163 157 160 163 169 163 166 169 169 166 163 160 154 148 143 140 137 143 148 148 146 143 137 137 140 146 146 146 146 143 148 151 151 157 154 154 154 160 157 157 151 151 154 157 157 154 154 157 151 151 151 154 151 157 163 163 157 151 146 146 140 146 137 131 126 123 120 120 
117 120 114 111 114 120 123 117 120 120 123 120 117 120 117 114 114 114 120 128 134 140 146 151 157 157 154 154 160 160 154 148 146 140 134 134 140 146 151 157 163 163 166 169 163 157 154 154 157 163 160 154 151 148 151 154 151 154 160 163 166 160 166 169 171 166 169 171 174 171 166 163 157 151 148 143 143 148 154 154 151 148 143 140 143 146 140 146 140 137 143 146 151 154 157 160 160 166 163 163 157 157 154 157 160 157 151 151 148 148 154 157 157 163 166 166 160 157 151 151 146 148 140 137 131 126 123 123 
126 120 117 111 117 123 128 123 126 126 126 123 120 126 123 117 114 120 126 131 137 143 148 154 154 157 157 154 157 154 151 146 140 134 134 137 140 146 148 151 157 160 166 166 166 160 157 160 160 160 157 151 148 148 154 151 151 151 154 157 163 160 166 171 177 171 174 177 177 174 169 166 160 154 151 148 146 148 151 154 151 148 143 140 140 140 137 143 137 134 140 146 151 157 163 166 163 169 169 169 163 163 157 157 157 154 151 154 148 148 154 157 160 163 169 163 157 157 151 148 146 146 140 134 131 131 128 128 
137 120 123 117 123 128 134 128 128 128 128 128 126 131 126 123 117 120 126 131 137 143 148 154 148 154 154 157 151 148 146 140 134 128 128 134 134 140 146 151 157 163 166 163 163 163 163 166 163 163 157 157 151 151 154 148 151 151 157 160 163 163 166 169 174 177 180 183 183 180 174 169 163 157 157 151 148 154 151 154 148 148 143 143 137 137 137 137 131 131 137 146 151 157 163 166 169 171 171 174 169 169 163 157 151 151 154 148 148 151 157 160 163 166 169 163 157 151 146 146 143 140 140 140 137 137 131 134 
120 126 123 120 126 131 134 131 128 131 134 134 128 134 131 126 120 120 126 128 134 137 143 148 148 151 154 151 146 146 140 134 128 126 126 128 134 137 143 148 154 160 166 163 160 166 169 169 166 163 160 157 151 148 148 148 154 160 163 163 166 166 169 174 180 180 183 189 186 186 180 174 169 163 163 157 154 157 154 148 143 143 140 140 140 140 140 140 140 137 140 148 154 163 166 171 171 174 174 177 174 171 166 163 157 154 157 151 151 157 163 166 169 169 166 160 157 151 146 140 140 143 140 143 140 143 137 140 
143 128 123 126 126 126 131 134 134 134 140 137 131 137 134 131 126 123 126 131 137 134 140 143 146 146 148 146 140 140 137 134 128 126 126 128 134 140 146 151 157 163 169 160 163 169 174 169 163 163 160 160 157 151 148 154 157 166 169 169 171 171 174 180 183 183 189 191 191 189 183 177 171 166 160 157 151 151 148 146 146 143 143 146 143 140 146 146 146 140 146 154 160 163 169 174 171 174 180 183 180 174 171 166 160 160 163 157 157 163 166 171 174 169 166 160 154 148 146 140 146 146 140 143 146 146 143 143 
143 123 123 128 126 123 128 131 134 140 143 140 137 137 137 134 128 126 131 134 134 134 134 134 140 140 146 140 134 134 134 134 128 126 126 131 134 140 146 151 157 160 166 163 163 166 169 171 166 166 163 160 157 151 151 157 163 169 171 174 177 177 180 186 186 189 191 194 191 191 189 183 174 169 163 157 151 146 143 146 148 148 146 148 148 146 151 151 151 146 148 154 157 163 169 171 171 174 177 180 180 177 171 169 166 166 169 163 160 166 171 171 171 166 163 160 157 151 146 140 143 146 146 143 143 146 148 148 
134 123 126 128 123 126 126 126 131 137 140 137 137 140 143 137 134 131 134 137 137 137 134 131 137 137 140 134 128 131 131 134 128 126 131 137 140 146 151 157 163 166 166 163 163 166 171 174 169 166 166 160 154 151 157 166 169 174 177 180 177 180 183 186 189 194 191 189 186 186 186 186 177 171 163 157 151 146 143 140 143 148 143 143 148 151 157 154 154 151 148 154 160 166 169 174 171 171 177 177 174 174 174 171 169 169 174 169 163 166 171 177 174 171 166 166 160 154 148 146 148 151 148 143 140 143 146 151 
117 120 126 128 126 131 131 134 137 137 140 134 134 137 140 140 140 137 140 140 137 137 131 131 131 134 134 128 126 126 131 128 126 128 134 140 146 151 157 160 166 171 169 166 166 171 177 180 174 169 169 163 160 160 166 171 174 180 183 183 180 186 189 186 191 186 183 183 180 180 183 189 180 174 169 160 151 148 143 137 140 143 143 148 151 157 160 157 160 157 151 154 157 163 166 169 174 177 180 180 177 177 177 174 171 174 177 174 169 169 171 174 171 174 171 171 166 160 154 148 148 154 148 146 140 146 148 154 
114 120 126 128 131 137 140 140 143 140 143 140 137 140 146 143 143 137 143 137 137 140 137 131 134 134 128 123 123 126 128 120 126 128 134 143 148 154 160 163 169 166 169 166 171 177 177 180 177 174 171 169 163 166 171 177 180 186 189 189 183 186 186 186 183 180 177 177 174 180 183 189 186 177 171 166 157 148 143 140 131 140 146 148 154 160 166 163 166 163 157 157 160 166 169 174 177 183 186 186 183 183 177 174 174 177 180 177 174 171 169 171 166 171 169 174 169 163 157 151 151 154 151 146 143 146 146 151 
111 117 123 128 137 146 148 148 151 146 146 146 143 143 140 140 140 140 143 140 140 143 140 134 131 131 128 123 114 123 123 114 123 131 137 143 151 157 163 166 166 163 166 166 169 171 174 174 171 169 169 171 169 171 174 180 186 189 191 194 189 189 183 180 177 171 171 171 169 174 180 186 183 177 169 163 154 148 143 137 134 140 146 151 157 163 169 166 166 169 163 163 163 163 169 174 177 177 183 186 186 183 177 171 171 174 177 177 174 169 169 166 163 169 169 171 166 160 154 148 148 154 148 148 148 151 151 146 
114 126 134 137 146 151 157 160 160 154 151 151 148 146 148 143 140 143 146 146 143 148 143 140 134 128 123 117 117 117 117 117 126 131 137 146 154 157 163 169 166 163 166 169 174 177 177 171 169 163 166 169 171 174 180 186 191 194 197 194 191 186 183 177 171 166 169 169 166 169 174 180 177 174 171 166 157 148 143 140 134 143 148 154 160 166 169 166 169 169 166 166 166 171 169 171 171 171 177 183 183 180 177 171 171 177 180 177 171 171 174 171 163 166 171 171 166 160 157 151 151 151 151 154 151 157 148 146 
123 134 140 146 151 160 166 169 169 160 160 157 154 151 154 148 148 148 146 151 146 146 140 134 128 128 123 120 117 117 117 123 128 134 140 146 151 157 160 166 163 163 169 174 180 180 174 169 166 166 169 174 177 180 186 191 197 200 197 197 191 186 177 174 169 163 163 166 163 163 169 174 174 177 177 171 163 154 148 140 137 140 148 154 160 166 169 171 171 174 171 174 171 177 174 174 169 169 171 177 177 180 180 177 174 177 180 177 171 177 177 174 169 171 174 177 171 166 160 154 157 154 154 160 157 160 154 151 
131 143 146 151 160 166 171 174 177 166 169 163 160 157 160 157 154 154 148 151 148 146 140 134 134 131 128 126 123 126 126 128 134 140 146 148 151 154 160 166 166 169 174 180 183 183 177 174 169 171 174 174 180 186 191 194 200 206 200 200 191 183 177 171 166 163 163 169 163 169 169 171 174 180 183 174 169 160 154 146 140 146 151 160 163 169 174 177 177 180 177 180 177 180 180 177 171 166 166 171 171 177 180 180 174 183 183 177 177 180 183 180 174 174 171 174 171 169 163 160 160 160 160 166 163 166 160 160 
143 148 151 160 166 171 174 180 180 174 174 169 166 163 169 166 163 160 154 157 151 146 143 140 140 134 134 131 131 131 131 137 143 146 151 154 151 154 160 166 171 177 180 186 183 183 177 180 174 177 180 180 183 189 194 197 197 203 197 197 189 183 177 171 169 163 166 169 169 171 171 174 180 183 186 180 174 169 160 151 146 146 154 160 166 169 174 180 183 183 183 186 183 186 186 183 177 171 169 171 177 174 177 180 177 180 180 180 183 186 189 186 180 174 171 169 169 169 163 160 163 157 166 169 169 171 166 166 
148 151 157 163 169 174 180 186 183 177 180 174 171 169 174 171 166 163 160 160 157 151 148 146 146 140 140 140 137 137 140 143 148 151 157 157 151 160 166 171 177 183 183 186 186 189 186 186 183 183 180 183 189 194 200 197 194 197 191 191 186 183 177 171 169 163 160 163 166 171 177 180 186 183 186 186 183 174 166 157 151 146 151 157 163 169 174 177 183 189 189 191 189 191 191 189 183 177 174 171 171 174 171 177 177 177 177 180 183 189 194 189 186 180 174 171 171 166 163 163 160 160 166 169 171 174 174 174 
154 157 163 166 171 177 183 186 189 183 186 180 174 174 177 174 171 169 163 166 160 157 151 151 148 146 146 146 143 146 151 151 157 160 166 163 160 166 171 177 183 186 189 191 189 191 191 189 189 189 183 189 194 194 200 197 194 191 186 186 183 177 171 171 169 166 166 166 171 174 180 186 191 186 186 191 189 180 174 166 157 154 154 154 160 166 171 177 183 189 191 194 191 197 194 194 189 183 177 174 174 174 174 174 177 180 183 183 186 186 189 186 183 177 177 174 169 169 163 163 160 166 174 174 177 180 180 183 
157 163 169 171 171 177 180 186 183 186 186 180 180 180 183 180 177 171 169 166 160 160 157 154 154 151 151 154 151 157 157 160 163 166 171 169 166 171 177 180 186 191 194 194 191 197 197 194 194 194 191 194 200 197 203 197 194 189 183 183 177 177 177 174 171 169 171 169 174 180 183 189 194 191 189 194 191 186 177 169 163 157 160 160 157 160 163 171 177 186 191 194 194 197 200 197 194 189 183 177 174 180 177 174 180 183 186 189 189 189 189 183 180 177 183 177 174 174 169 171 169 174 180 180 186 189 183 189 
160 166 171 177 177 183 183 180 177 183 183 180 177 177 180 177 171 169 163 169 163 160 157 160 157 157 157 160 160 163 166 166 169 174 177 171 171 177 180 186 191 197 200 200 197 203 203 200 200 200 197 200 203 203 203 197 191 189 183 183 180 180 177 171 174 174 174 171 177 183 189 191 194 194 191 197 194 189 180 174 169 163 166 163 157 157 157 166 174 180 186 189 194 200 200 203 197 191 186 183 180 183 180 177 180 183 189 191 194 194 189 183 180 186 183 183 180 180 177 177 174 180 186 186 191 194 189 191 
166 174 180 183 183 189 183 180 177 183 189 183 177 174 174 171 169 166 163 163 160 157 157 160 160 163 163 166 169 171 174 174 177 183 183 177 177 183 189 191 197 203 206 203 200 203 206 206 203 206 203 206 209 209 203 197 197 191 189 186 186 183 177 171 174 180 180 174 177 183 189 189 189 191 189 191 191 186 183 177 171 169 171 166 163 157 157 163 171 177 180 186 191 194 194 200 203 197 191 186 189 186 180 177 180 186 191 194 200 200 194 189 186 189 189 189 186 189 183 186 183 186 191 191 194 200 194 197 
171 177 183 189 189 194 189 186 183 183 189 183 180 174 174 169 169 169 163 160 160 157 157 160 166 169 169 171 174 177 180 180 183 186 186 183 183 189 194 197 200 206 209 206 200 203 206 212 209 212 212 212 209 206 200 200 203 200 194 191 191 186 180 174 180 183 180 180 174 177 183 183 183 186 183 189 189 186 183 177 174 174 171 166 163 157 157 160 166 171 177 183 186 191 191 194 200 197 191 191 194 189 186 180 183 189 194 197 203 203 197 191 189 194 194 194 191 191 189 194 191 194 197 197 200 203 200 203 
189 183 189 194 191 197 191 191 186 183 189 186 186 180 180 177 171 174 169 163 166 160 157 166 169 174 174 174 180 183 183 186 189 191 191 189 189 194 200 206 206 212 212 206 200 200 206 212 214 214 214 214 212 209 203 206 209 206 203 197 194 191 186 180 183 180 177 177 174 177 177 183 186 186 183 189 186 186 186 183 180 177 174 169 166 160 163 163 163 169 171 177 183 189 194 197 200 197 200 197 200 194 191 186 189 194 200 203 209 209 203 197 194 200 200 200 197 197 197 200 200 200 203 200 206 206 200 203 
191 189 194 197 194 200 194 194 191 186 189 191 191 186 186 180 174 177 171 169 169 163 163 169 174 180 180 180 186 189 189 189 191 194 189 189 194 200 206 212 206 209 206 200 194 197 206 209 214 220 220 220 217 214 209 212 214 214 209 203 200 194 191 186 183 180 177 180 177 180 171 180 183 186 183 183 186 189 183 183 183 180 174 169 163 163 166 166 166 163 169 171 177 183 189 191 197 200 203 206 206 200 194 191 189 191 200 206 209 203 197 197 200 206 206 206 203 203 203 209 206 206 209 206 203 200 206 209 
189 194 200 197 191 197 197 197 197 191 194 197 197 191 191 186 180 180 177 171 166 166 169 174 180 186 183 186 186 191 189 189 189 191 189 194 200 206 212 214 212 209 203 200 194 197 203 209 214 217 223 223 220 220 217 217 217 220 217 212 203 197 191 186 180 177 177 174 174 174 171 177 183 186 189 186 186 186 186 183 186 183 177 171 166 169 171 166 166 166 166 171 177 183 189 194 200 203 209 209 209 206 200 194 194 194 194 200 203 197 194 194 200 203 209 212 206 209 209 212 212 212 214 209 206 203 209 209 
191 197 197 194 191 197 203 197 203 197 200 203 203 197 197 191 186 180 174 169 166 169 174 180 183 186 186 189 189 194 191 186 186 189 194 200 203 209 214 220 217 214 209 203 197 197 200 206 214 217 223 229 226 226 220 223 223 226 223 214 209 203 197 191 189 183 186 180 180 177 174 177 183 189 191 191 189 189 183 180 183 186 180 174 169 163 166 166 169 169 174 177 177 183 189 197 203 206 212 214 214 212 206 200 200 197 197 197 200 197 194 194 200 206 212 217 212 209 214 217 214 217 212 209 212 206 206 206 
214 197 197 194 197 203 209 203 206 203 203 209 206 203 197 191 183 177 174 169 169 171 177 180 183 186 189 186 186 191 189 183 189 194 200 206 209 214 220 226 220 214 209 206 203 200 206 212 217 223 229 232 232 229 226 229 229 229 226 220 214 209 203 197 194 189 189 186 186 186 180 183 186 186 191 194 194 189 183 177 177 180 180 174 169 163 166 169 169 174 177 183 183 189 191 197 206 209 214 220 217 217 212 206 206 203 197 197 200 203 200 197 203 209 212 217 214 212 217 223 217 214 209 212 212 209 209 206 
189 194 194 194 194 200 203 206 212 209 209 214 209 203 200 194 186 183 177 171 174 177 183 186 189 191 194 189 186 186 186 186 191 197 203 209 214 217 220 220 214 212 206 200 206 203 203 212 217 226 232 234 234 234 232 234 232 232 232 226 220 214 209 203 197 197 194 189 189 189 186 189 189 189 191 191 194 189 183 180 174 177 177 177 174 169 166 171 174 180 183 189 189 194 194 200 206 212 214 217 220 220 214 209 212 209 203 203 206 209 206 200 206 209 214 220 217 212 214 217 214 209 206 209 206 203 203 203 
183 189 189 191 191 197 200 206 212 209 209 209 203 200 200 194 189 186 180 177 180 186 189 191 194 194 197 194 194 189 189 186 189 194 197 203 209 214 214 217 212 206 200 203 206 206 203 209 214 220 226 232 237 240 234 234 232 226 232 229 223 217 212 209 203 203 200 194 194 194 191 194 194 191 186 191 194 189 183 177 174 174 180 180 174 171 166 171 177 183 189 194 194 200 200 206 212 217 220 223 223 226 220 214 217 212 209 209 209 212 209 203 206 209 214 220 220 214 220 217 212 206 203 206 200 197 197 197 
180 186 186 189 194 200 203 212 214 214 214 212 206 200 197 194 194 189 186 183 186 191 194 197 197 197 200 200 200 194 197 194 194 200 197 200 206 212 212 214 209 206 200 209 209 209 203 209 214 223 229 234 240 240 237 232 226 223 226 229 223 217 212 209 209 206 206 200 197 200 194 200 197 191 189 194 194 189 183 177 171 171 174 177 174 171 171 171 177 183 189 194 200 206 206 212 217 223 226 229 229 229 223 217 212 217 214 214 214 212 206 203 200 209 214 217 223 220 223 217 214 209 203 200 197 197 203 200 
183 189 191 191 197 203 209 214 220 220 214 212 209 203 197 197 200 194 191 189 191 194 200 203 203 203 206 206 206 200 203 200 200 206 203 206 203 206 209 212 206 203 203 209 214 209 206 214 220 226 234 240 243 243 237 232 226 223 226 226 226 223 217 212 214 212 212 206 203 203 200 200 197 197 191 191 191 191 186 180 174 171 171 171 174 174 177 177 183 189 194 200 203 209 212 217 220 226 229 232 229 223 217 214 209 212 217 214 217 214 212 206 203 209 212 217 223 226 226 223 214 209 203 200 194 194 197 200 
180 186 191 197 203 209 214 220 223 220 214 209 206 200 200 203 203 197 194 191 197 200 206 209 209 206 209 212 212 206 212 209 206 209 209 206 200 200 203 206 203 203 209 214 217 214 212 220 226 232 237 240 246 243 240 237 232 229 232 229 229 226 220 217 217 217 217 212 206 203 203 197 197 200 194 191 186 191 186 180 180 174 169 169 171 177 183 183 189 194 200 203 209 214 217 223 226 232 226 226 223 217 212 209 203 206 212 212 214 212 212 209 203 209 212 217 223 229 223 217 212 206 200 194 189 189 194 200 
209 191 186 197 203 209 214 217 217 214 209 206 203 203 206 206 206 200 197 194 197 203 209 214 212 209 209 214 214 212 217 212 212 214 212 206 203 203 200 203 203 209 212 217 223 217 217 223 232 237 240 246 246 243 240 243 237 232 234 232 229 232 226 220 223 223 220 214 209 206 206 203 203 203 197 191 189 189 189 186 186 180 174 171 177 180 186 189 191 197 203 206 209 214 220 223 229 226 223 220 217 212 212 209 203 206 209 209 212 214 214 212 206 212 217 220 223 223 217 212 206 200 194 191 186 194 197 203 
191 189 189 194 200 206 209 214 212 209 206 200 200 206 203 200 203 200 197 194 197 203 209 214 214 212 212 214 214 217 223 217 217 217 209 206 200 203 200 203 206 212 214 214 220 220 223 226 232 237 243 249 246 249 246 243 240 237 237 232 232 226 223 223 220 223 220 214 209 209 209 209 203 206 200 197 194 191 191 189 189 186 180 174 177 183 189 191 197 203 209 209 214 214 220 223 226 226 223 217 214 212 209 209 206 206 203 209 214 217 214 209 209 214 217 223 217 217 212 206 200 194 189 189 189 191 197 200 
200 191 191 191 194 200 206 209 209 203 200 194 200 200 197 194 197 197 194 197 200 206 212 217 214 214 212 217 217 220 223 223 217 209 206 200 200 203 203 209 212 214 220 220 226 220 226 232 237 243 249 252 249 249 246 243 237 234 234 232 232 226 223 220 214 223 223 217 214 209 206 206 200 203 197 191 197 197 197 191 194 189 183 180 183 189 191 197 200 206 212 214 217 217 223 226 223 226 226 220 214 217 214 214 212 206 206 212 214 214 214 209 214 217 223 217 214 212 206 200 197 191 189 189 191 191 194 197 
186 191 194 197 197 203 203 203 203 197 194 191 197 194 194 189 194 194 189 197 203 209 214 220 217 217 217 217 214 214 217 217 212 209 203 200 203 209 206 212 214 220 223 226 226 226 232 234 240 246 252 255 249 243 240 237 232 229 229 229 226 220 220 217 217 220 220 214 209 206 203 200 197 203 197 194 197 197 200 197 200 194 189 183 177 186 189 191 197 203 209 212 217 223 226 229 223 223 223 220 214 214 217 214 209 206 209 212 217 214 212 206 209 212 217 214 209 206 200 194 194 194 194 191 191 194 189 191 
189 183 189 194 200 200 200 197 197 191 191 191 194 191 189 183 189 191 191 197 203 203 209 214 217 220 220 220 217 217 214 214 209 203 200 200 203 206 212 217 220 223 226 223 220 226 229 234 240 243 249 249 240 237 234 232 229 226 223 223 220 214 220 217 220 217 214 214 209 203 200 194 191 197 203 197 200 200 206 203 200 194 189 183 180 180 183 186 191 200 206 212 217 223 226 226 223 223 223 217 214 217 217 214 209 206 209 212 217 214 209 206 212 217 220 214 212 206 203 197 194 197 197 194 197 194 189 186 
174 177 183 189 194 194 200 197 194 191 191 191 197 191 186 183 186 191 191 194 197 203 206 212 214 217 223 217 212 214 214 212 209 209 206 206 206 212 217 223 223 226 223 217 214 220 223 229 234 237 240 240 232 229 226 229 223 220 217 220 214 214 217 220 217 217 214 212 206 203 197 194 194 200 206 203 206 203 206 200 197 194 189 186 180 186 180 183 189 194 200 206 212 217 223 226 229 223 223 217 217 217 214 209 203 206 209 212 212 212 206 206 209 214 220 214 212 212 209 203 200 203 203 197 200 194 189 183 
169 174 180 186 191 194 197 200 200 194 197 197 200 194 191 186 191 194 194 197 203 209 209 214 220 214 217 214 209 212 212 209 206 206 203 203 203 209 212 217 220 223 217 212 209 214 217 223 226 226 229 229 223 223 220 223 217 217 214 214 212 217 220 223 217 220 214 212 206 203 197 197 200 206 212 209 212 206 206 200 197 191 186 180 180 183 180 183 186 191 197 206 212 217 220 226 226 226 220 217 220 217 212 209 203 203 206 206 206 209 206 209 212 214 217 214 214 217 212 209 206 209 206 200 197 191 191 189 
169 166 174 180 186 191 191 194 200 200 200 203 203 197 194 191 194 197 200 203 206 209 212 214 217 214 214 212 206 206 209 212 206 209 203 203 206 209 212 214 220 217 212 212 206 209 209 214 217 217 220 220 214 214 214 217 212 212 209 214 209 212 214 220 220 223 217 212 209 203 197 200 206 209 214 212 209 203 203 200 194 189 186 180 183 186 186 189 191 197 200 206 212 214 220 223 217 220 217 220 220 214 209 212 209 206 200 203 200 203 203 209 212 206 209 212 217 217 217 214 212 206 206 200 197 197 197 191 
169 169 169 174 180 186 183 191 194 200 206 203 200 194 194 189 191 191 194 197 200 203 209 212 217 217 217 212 206 200 203 206 209 214 209 203 206 212 217 217 223 217 214 209 203 206 203 209 209 206 212 212 206 209 206 209 203 206 206 206 203 206 209 214 214 217 214 209 203 200 203 206 209 214 220 217 214 206 200 197 191 186 183 183 186 189 191 191 194 200 200 206 212 214 214 217 212 214 214 217 214 209 206 206 203 200 197 197 197 197 197 200 203 200 203 206 212 217 223 220 217 212 209 203 197 200 200 197 
163 169 171 177 183 186 186 186 191 197 203 200 197 191 189 186 186 186 189 191 197 200 206 212 217 217 212 206 200 194 197 200 203 209 203 200 206 209 214 217 217 214 212 206 200 200 200 203 200 200 203 203 203 203 200 200 194 200 197 200 197 200 206 209 209 212 214 209 203 197 197 203 209 214 217 220 212 206 200 194 189 183 186 189 189 194 197 189 194 200 203 206 209 214 212 212 209 209 209 212 209 206 206 206 203 197 191 191 191 191 191 194 197 194 197 200 206 209 214 214 214 217 214 209 203 203 197 197 
166 174 180 186 189 194 191 189 186 191 197 197 189 186 186 189 189 186 189 194 200 203 209 214 214 212 206 200 197 191 191 194 197 203 200 197 200 206 212 212 212 214 209 203 200 197 194 194 194 191 197 197 197 197 194 194 189 194 191 194 191 194 200 206 203 206 209 209 209 203 203 209 214 220 217 214 209 203 197 189 186 180 186 189 194 197 194 191 191 197 203 206 209 209 206 209 203 203 203 209 203 203 209 206 200 197 191 191 186 186 189 189 186 189 191 194 197 203 209 209 209 212 217 212 209 203 200 197 
180 186 189 197 197 200 197 191 189 189 194 191 186 180 183 186 186 183 189 191 197 203 209 209 209 206 200 194 191 186 189 189 191 197 194 191 197 200 206 206 209 209 209 203 197 191 191 189 189 189 191 194 191 194 189 189 180 186 183 189 186 191 197 197 197 200 206 209 206 203 203 209 214 217 217 209 203 197 191 186 180 177 180 186 189 194 189 191 194 200 206 206 209 203 203 203 197 197 197 203 200 200 203 200 203 197 194 194 189 186 183 183 180 183 186 191 194 197 203 203 206 212 214 214 212 206 200 194 
180 194 197 203 206 209 203 197 191 189 189 186 186 186 189 186 180 183 189 191 197 203 206 206 203 200 194 189 186 186 186 183 189 191 191 189 191 197 203 200 203 209 212 206 200 194 191 186 183 186 189 191 191 189 186 183 177 183 177 183 180 186 191 194 194 197 203 209 206 203 206 209 209 214 214 206 200 194 189 183 177 177 177 180 183 189 189 194 200 203 209 206 209 206 203 197 191 191 194 197 200 197 197 194 197 191 189 191 189 183 180 180 174 180 183 186 189 194 197 197 200 206 212 217 212 206 200 194 
191 203 203 212 212 214 212 206 200 194 189 189 189 186 186 183 177 180 183 189 194 200 203 200 197 194 191 189 189 189 183 177 186 189 189 189 189 191 197 197 200 206 212 209 203 194 191 186 183 189 194 197 194 191 186 180 177 177 174 180 180 186 186 189 191 197 203 203 209 203 209 212 212 214 209 200 194 189 186 180 177 177 183 186 186 189 194 200 203 209 206 203 209 206 203 197 191 186 191 197 200 194 194 191 191 189 189 194 191 186 180 174 174 177 180 183 183 189 194 194 197 203 206 212 206 200 194 191 
206 212 212 217 214 220 217 212 206 200 194 194 191 189 191 186 180 183 186 191 197 203 200 200 203 197 194 191 189 186 180 180 180 186 183 186 191 194 200 200 206 209 214 212 206 200 194 189 186 191 197 203 200 191 189 183 177 171 174 177 183 189 191 197 200 206 209 209 214 209 214 217 212 209 206 200 194 189 183 177 177 183 183 189 189 194 200 203 206 206 200 200 206 206 200 194 189 189 194 197 194 191 189 191 189 186 191 191 194 191 186 180 183 183 186 189 186 191 191 197 203 209 212 209 203 197 191 191 
232 217 217 220 220 226 223 217 212 209 200 200 197 194 197 191 183 189 191 194 200 203 200 203 206 200 194 189 186 183 183 183 180 180 183 189 194 200 203 203 206 212 217 212 206 200 194 191 191 194 200 200 197 194 186 183 177 174 180 183 189 194 200 203 206 212 214 214 214 212 217 220 214 209 203 197 191 186 183 180 183 186 186 189 191 197 203 206 200 200 194 197 200 203 197 194 191 189 191 194 191 186 183 186 186 186 191 197 200 194 189 189 189 189 194 194 194 197 197 200 206 212 214 212 206 200 197 194 
232 223 220 223 220 226 229 223 217 212 206 206 203 200 203 197 191 194 200 200 203 203 203 206 206 203 197 194 191 189 189 186 183 183 189 194 200 203 200 197 203 206 212 206 200 197 191 191 194 197 200 197 194 189 183 177 177 180 186 189 194 200 206 212 212 217 220 217 214 217 223 220 214 209 200 194 191 186 180 183 189 191 189 183 189 191 197 197 194 194 191 191 194 197 194 191 189 191 186 189 186 183 180 180 186 191 194 200 203 197 194 194 197 197 200 200 200 200 200 206 212 209 209 214 209 203 200 200 
220 226 220 220 214 220 223 226 223 217 212 212 206 203 206 200 194 200 203 206 209 209 209 203 203 200 194 194 197 194 191 191 186 183 186 191 197 200 194 194 200 203 206 200 197 191 191 194 194 194 197 191 189 183 180 180 180 186 189 194 200 206 212 214 217 223 223 223 217 220 223 217 214 209 200 191 186 183 177 180 186 189 186 186 191 194 191 194 189 191 186 186 191 194 189 186 183 186 186 183 180 180 174 183 186 191 197 200 203 200 197 200 206 203 203 203 203 206 206 212 209 212 209 212 212 206 203 203 
232 223 220 217 212 217 220 223 226 220 214 212 209 209 212 206 200 206 209 209 214 212 206 206 206 200 197 200 200 197 197 194 189 186 189 194 197 194 191 194 200 203 209 203 200 194 194 197 194 191 191 186 186 183 183 180 186 191 194 200 206 212 214 220 223 226 229 229 223 220 220 214 209 206 197 191 189 183 177 177 183 186 183 186 186 189 186 189 186 186 186 189 194 189 183 180 177 183 183 180 180 177 177 183 189 191 197 203 209 206 203 206 209 206 209 209 209 212 212 214 209 209 212 214 214 209 209 209 
226 217 217 214 212 212 214 220 223 217 212 206 212 214 214 209 206 209 214 214 214 214 209 206 200 197 197 197 194 203 200 194 191 186 186 189 194 194 191 191 197 200 203 206 200 194 191 191 189 186 186 191 189 186 180 180 186 194 200 203 209 214 220 226 229 232 229 229 223 223 217 212 206 200 197 191 186 183 180 177 180 180 183 186 183 183 183 183 183 183 189 191 191 186 180 177 171 177 180 183 183 183 177 177 183 191 194 200 206 212 206 212 214 212 214 212 214 214 212 209 203 203 209 214 209 209 212 214 
209 209 212 212 214 217 214 220 217 212 209 209 214 217 212 212 212 214 220 220 217 217 212 206 200 197 200 200 197 200 197 191 186 189 183 183 189 191 186 186 191 197 197 200 194 191 189 189 183 183 186 191 189 183 180 180 186 194 200 206 212 217 220 223 223 226 223 226 220 217 212 206 200 197 191 186 183 189 183 180 177 177 180 183 177 177 180 177 183 189 194 197 194 189 183 177 174 177 183 189 189 183 177 171 177 186 191 194 200 206 212 212 214 217 212 212 217 212 206 203 200 200 203 209 212 212 217 220 
200 206 209 209 212 217 220 217 214 209 209 209 214 220 217 212 214 220 220 226 223 220 214 209 203 197 200 200 197 197 191 189 183 189 186 183 186 189 186 191 197 200 200 197 191 189 186 183 177 180 186 189 186 180 174 180 186 191 197 203 209 212 217 217 220 220 217 220 214 212 209 203 197 191 186 183 177 186 186 183 183 183 183 180 174 174 177 180 180 183 189 194 197 191 186 180 177 183 189 191 186 180 174 171 171 174 183 189 194 200 203 206 206 209 206 209 209 212 209 203 197 200 197 203 209 214 220 223 
212 206 206 212 217 220 223 220 217 212 209 212 214 220 223 217 214 214 217 223 226 220 214 212 206 203 203 203 197 194 189 189 183 186 186 186 180 186 189 194 200 203 203 200 194 194 189 186 180 183 189 189 189 183 180 183 189 194 194 200 206 212 212 214 214 217 212 214 212 209 203 197 197 194 189 183 180 183 186 189 189 189 186 183 180 174 180 186 186 186 189 191 191 189 189 183 180 183 189 191 186 180 174 169 166 171 177 180 189 194 194 194 197 200 197 200 203 203 200 203 197 203 200 203 209 214 217 217 
203 206 212 214 220 223 226 223 223 217 212 209 212 214 217 223 220 220 223 226 229 223 220 214 209 206 203 206 200 194 191 194 189 191 186 180 183 186 191 197 203 209 209 206 200 197 194 191 186 186 186 186 189 186 183 189 194 197 194 200 203 206 206 209 209 212 209 212 209 209 203 200 203 194 189 186 180 180 180 183 189 194 191 189 183 180 186 191 191 191 194 191 189 183 183 180 174 180 186 186 180 174 169 166 160 166 171 174 180 186 183 186 189 191 189 194 194 197 197 197 200 203 200 200 206 212 214 214 
223 206 212 217 217 220 223 229 226 220 214 209 206 209 212 217 214 214 217 223 223 220 217 212 209 209 209 212 209 200 194 191 191 191 186 180 183 189 197 200 206 212 214 212 206 203 197 194 189 186 189 183 183 186 189 194 200 200 197 197 200 203 203 206 206 206 203 206 209 209 203 203 206 197 191 189 183 177 177 180 183 189 194 194 189 186 191 194 197 197 197 191 186 183 180 180 177 183 186 180 174 171 169 163 160 163 166 169 171 177 171 174 180 183 183 186 186 189 191 194 194 197 200 203 209 214 209 206 
217 209 212 217 223 226 226 229 226 220 214 212 206 203 206 209 206 206 212 214 214 214 212 212 209 214 212 214 212 206 200 197 194 191 186 183 186 191 200 206 209 214 217 214 209 206 200 194 189 183 186 183 186 189 194 197 203 203 197 200 203 206 203 206 203 203 203 209 212 212 209 209 209 203 194 186 183 177 174 174 180 186 191 194 191 191 194 200 200 200 194 191 186 183 183 183 180 183 186 180 174 169 163 160 163 163 160 163 169 169 163 166 169 174 174 177 177 180 186 191 194 200 200 200 206 206 203 200 
229 209 209 212 217 223 226 226 220 214 212 206 200 200 203 206 200 200 206 209 209 209 206 206 206 209 214 220 217 212 206 200 194 189 186 183 189 197 203 206 212 217 220 217 212 203 197 191 186 183 180 183 189 194 200 203 206 203 197 197 203 203 197 200 200 200 206 212 214 214 214 214 214 206 197 191 183 180 174 171 174 180 186 191 194 197 200 206 200 206 200 194 189 186 189 186 180 186 180 174 171 166 160 154 160 157 157 160 163 160 154 154 160 166 166 169 171 177 180 186 191 197 200 197 203 203 197 194 
217 203 206 209 214 217 223 220 217 212 206 203 197 197 197 200 194 194 200 203 203 206 203 203 206 212 217 217 220 214 209 203 197 191 186 186 191 194 200 206 212 217 217 212 209 203 197 189 183 177 177 183 189 191 197 203 203 203 197 194 197 197 191 197 197 203 206 212 217 214 220 220 217 209 203 194 186 180 174 171 171 177 183 189 191 194 197 200 194 200 203 200 194 191 194 191 186 180 180 174 169 166 160 154 154 154 154 154 157 154 148 148 148 157 160 163 166 171 177 180 186 191 197 194 197 197 194 191 
194 197 200 203 209 214 217 217 212 212 212 206 203 197 197 194 191 189 194 194 197 200 197 203 209 212 217 220 223 214 212 206 200 194 189 186 189 191 197 203 209 212 212 206 206 197 191 186 180 174 180 183 189 194 194 197 200 200 197 191 191 191 189 191 200 203 209 214 220 220 223 220 214 206 200 191 186 180 174 171 171 177 180 186 191 194 191 194 189 194 200 203 200 197 197 191 189 183 186 180 174 169 163 157 151 151 154 151 151 148 143 140 143 148 154 157 160 169 174 180 186 191 194 194 197 191 189 186 
189 191 194 200 203 209 214 217 212 212 214 209 203 200 194 189 186 183 189 189 191 194 194 200 206 212 217 220 214 214 209 206 200 197 194 189 191 197 197 200 203 209 206 206 200 191 186 180 177 177 180 186 191 197 191 194 197 200 197 194 189 189 189 191 197 203 209 212 217 223 220 214 209 203 197 191 189 183 177 174 174 180 186 189 194 194 189 189 189 194 197 203 206 203 203 197 191 189 189 186 177 171 166 160 157 151 151 151 146 143 140 137 140 143 148 151 157 163 169 174 180 186 191 194 194 189 183 180 
194 197 200 197 197 203 209 212 212 214 209 203 197 194 189 183 180 180 183 183 186 191 197 200 206 212 214 214 209 209 212 206 203 197 191 189 194 197 197 203 209 209 203 200 200 194 189 183 180 177 183 189 189 191 189 189 194 197 194 189 183 189 186 186 191 197 203 209 214 217 214 217 212 206 200 194 189 183 180 180 180 186 186 191 189 189 183 183 183 191 194 200 206 206 206 200 194 194 194 189 183 177 169 166 160 154 148 146 143 137 137 134 134 140 143 146 151 157 163 171 174 180 186 189 194 191 183 177 
209 203 206 200 194 200 206 206 206 209 203 197 191 189 183 183 183 177 177 177 183 189 194 197 203 206 212 209 206 206 206 203 197 189 189 194 197 200 203 206 209 203 200 194 197 191 186 183 177 174 180 183 186 189 189 189 191 194 189 183 177 180 183 189 194 200 206 212 217 214 214 214 209 203 197 194 189 186 186 186 186 191 189 189 183 186 180 180 183 189 191 197 203 206 203 197 194 194 194 189 183 174 169 163 157 151 146 146 140 140 140 140 140 140 146 148 154 160 166 171 174 180 177 180 186 183 177 171 
203 206 203 200 194 194 200 200 203 203 200 194 189 183 186 186 183 180 174 171 180 186 191 197 200 206 209 203 200 200 200 197 191 183 186 189 194 200 206 209 203 197 194 191 191 189 183 180 174 171 174 177 180 186 191 189 186 189 183 174 171 174 180 189 194 200 203 209 214 209 214 212 209 206 200 194 189 186 189 189 186 189 189 183 180 180 183 183 189 191 197 200 200 203 197 197 194 197 189 183 177 174 169 163 157 154 148 143 140 143 146 146 143 146 151 151 157 163 169 169 166 171 171 174 180 174 171 166 
206 206 209 203 197 200 197 197 197 200 194 189 183 183 183 189 183 177 174 174 174 180 186 191 197 200 203 200 194 194 194 191 186 186 186 191 194 200 203 203 197 191 189 186 186 183 180 174 169 169 169 174 177 183 186 186 183 183 174 169 163 169 174 180 189 194 200 203 209 209 209 209 209 209 203 197 191 186 183 183 177 180 186 183 180 183 189 186 191 194 200 206 200 206 200 203 197 191 186 180 177 171 166 163 160 154 151 146 143 146 146 148 146 151 154 157 151 160 166 163 160 166 166 166 169 169 163 157 
209 200 203 203 197 197 194 194 194 194 191 186 183 186 186 186 180 183 177 174 174 177 183 186 189 194 197 194 191 191 189 189 183 186 189 194 200 197 200 197 191 189 186 183 180 180 177 171 166 166 163 169 174 180 183 180 177 174 169 160 160 166 169 174 180 189 191 197 200 203 209 209 209 206 197 194 189 183 180 177 174 174 180 183 183 186 191 191 197 200 206 203 203 206 203 197 191 186 180 177 174 169 166 166 160 154 151 146 146 148 146 146 146 146 151 154 154 160 160 157 151 157 157 157 163 160 154 151 
203 191 197 197 191 191 189 189 194 200 194 189 183 189 186 183 180 180 177 177 177 180 180 180 186 191 191 189 186 189 183 183 177 180 183 189 194 194 200 200 194 191 186 180 177 177 180 174 171 166 163 166 171 177 177 174 171 169 160 154 154 160 163 169 174 180 186 191 194 197 203 203 203 200 194 191 183 177 174 171 169 169 174 177 183 189 194 197 200 203 200 197 197 200 200 194 189 186 180 174 174 169 163 160 154 148 146 143 140 146 143 143 148 146 148 151 157 163 154 151 146 148 151 148 154 154 151 146 
194 186 189 191 186 186 186 189 191 197 194 189 186 186 186 180 177 180 177 180 177 180 180 174 180 186 186 186 183 183 180 177 171 177 183 186 191 194 197 200 194 189 183 180 174 180 177 171 166 169 163 163 169 171 171 169 166 160 154 148 148 154 160 166 171 177 180 186 189 194 194 197 197 194 191 183 177 171 169 166 163 166 169 174 180 183 189 194 197 203 203 197 194 194 194 189 186 177 171 169 169 166 160 157 151 148 146 143 143 146 143 140 146 146 146 146 151 157 151 146 140 140 143 140 146 148 146 143 
177 183 186 183 180 180 186 191 194 200 197 194 189 183 183 180 174 174 177 180 177 177 177 171 174 180 183 183 180 186 180 177 174 177 177 183 186 191 197 197 191 189 183 177 174 174 171 169 163 166 166 169 169 171 169 163 160 154 148 146 146 151 154 160 166 171 177 180 186 189 191 194 191 186 183 177 171 166 166 160 157 160 163 169 174 180 186 191 197 200 200 194 189 189 189 183 177 171 166 166 163 157 157 151 146 146 151 148 146 140 137 134 140 140 143 140 146 151 146 140 137 137 137 137 140 143 137 140 
191 177 180 177 174 177 183 186 191 197 200 194 191 186 180 177 180 180 183 177 177 174 174 171 177 177 177 180 177 180 177 180 177 171 174 177 183 189 191 191 189 183 180 174 171 171 166 163 157 163 169 171 169 171 166 160 154 148 146 140 140 146 151 154 160 166 169 174 180 183 186 186 186 177 174 169 163 160 160 163 157 157 163 171 177 180 186 191 194 197 191 189 183 180 180 177 171 166 160 160 157 154 151 151 146 151 157 151 148 143 137 131 134 134 137 137 140 146 140 137 131 131 131 131 137 140 140 140 
166 171 174 171 174 180 186 191 197 200 203 200 194 189 183 177 183 183 189 183 177 174 177 174 174 174 174 174 171 177 174 174 171 169 174 180 186 189 194 191 189 186 180 174 169 166 163 157 157 163 169 171 166 171 166 160 157 151 146 143 140 146 148 154 157 160 166 169 174 177 180 180 177 171 166 163 157 154 154 157 154 157 160 166 171 177 180 186 189 191 186 180 174 174 174 169 163 157 154 157 151 148 151 154 148 154 154 151 146 140 134 128 128 131 131 134 137 140 140 134 128 126 126 126 131 134 140 143 
163 166 169 169 174 183 189 194 200 203 206 200 194 191 186 183 189 189 194 189 183 177 177 177 171 171 174 174 171 171 171 169 163 163 169 174 180 186 191 197 191 186 180 171 169 163 157 154 157 163 169 166 166 171 169 163 160 154 148 143 140 146 148 151 157 163 160 166 169 171 174 174 169 163 160 154 151 148 148 151 148 151 154 160 166 171 177 180 183 186 180 174 169 169 169 163 154 148 148 151 146 143 146 148 146 148 151 148 143 137 131 126 123 128 131 137 140 143 140 137 131 131 126 131 134 140 140 146 
160 166 171 169 174 183 189 194 200 203 206 200 200 197 191 189 191 194 197 191 189 183 180 180 174 177 174 171 171 169 166 166 160 157 163 171 174 180 186 191 194 189 183 174 169 166 160 154 154 157 163 166 169 174 171 166 160 154 148 143 137 140 146 151 157 160 160 166 169 171 169 166 160 157 154 148 148 146 143 148 146 148 154 157 163 166 171 174 174 180 174 169 163 163 160 154 148 140 143 146 140 140 140 146 143 146 146 143 137 131 126 123 117 123 126 131 134 137 140 134 134 134 131 134 137 143 140 140 
166 163 166 171 177 186 191 197 203 209 209 203 203 203 194 191 197 200 200 197 191 186 180 186 180 183 180 174 174 171 166 160 154 160 166 169 177 183 186 191 197 191 186 180 174 169 163 157 157 157 160 163 169 174 171 166 160 151 146 143 140 137 140 146 151 157 163 169 174 174 169 163 157 151 148 146 146 148 143 146 140 146 148 154 157 163 169 169 169 174 169 163 160 160 154 148 143 134 134 137 140 140 140 146 143 140 143 137 131 126 123 120 120 123 128 134 131 134 134 140 137 140 137 140 140 140 137 137 
154 163 169 174 183 189 194 200 206 209 214 209 206 200 194 191 194 200 197 197 194 191 186 189 186 186 183 177 171 166 163 157 157 163 169 174 177 183 189 191 194 189 186 183 177 174 166 163 157 154 160 166 171 174 166 160 157 151 146 146 146 143 146 146 151 157 163 169 169 169 163 157 151 146 143 143 148 151 148 146 143 148 146 148 154 157 163 163 166 169 163 160 157 154 148 143 134 128 128 131 134 134 140 140 137 137 137 140 137 131 128 126 120 126 126 128 128 128 131 137 143 146 143 146 143 140 137 131 
160 166 174 180 183 189 194 200 203 206 209 206 206 200 194 191 189 194 194 197 197 197 191 191 189 189 183 177 171 166 160 154 154 160 166 171 177 183 189 189 189 189 189 186 183 177 171 166 160 157 160 163 166 169 166 163 160 157 151 154 151 146 143 146 151 160 163 169 166 163 157 154 151 146 146 143 143 148 151 146 143 148 146 146 151 157 160 163 160 163 157 157 154 148 143 137 128 126 123 128 128 128 134 137 131 137 143 143 137 134 134 131 126 126 123 123 126 131 137 140 143 143 148 151 146 140 134 128 

